10
100
-62687 8102 72864 -46556 -62250 -62445 -96835 -83630 96789 -5248 -72334 -38989 -19941 84420 -59407 69731 -70400 46925 38167 -39660 93671 90868 32533 51353 -19052 77988 -63753 90923 -60062 -21621 84535 -40858 63641 -2119 47611 -77183 -84112 -24531 81436 56477 13889 -39218 1739 -86370 47596 20008 -22873 15443 -65505 62663 15018 2683 17517 98658 83104 -44153 63521 45820 -80741 -43737 -34154 53254 83299 -81015 -12030 -98191 -23359 28498 71238 -9830 -98203 66809 95578 -21030 14933 -96999 40674 -72631 -91500 79456 58672 92351 37520 28826 83497 75534 81108 -16948 -80973 83918 57580 59632 -2220 93921 -67737 80374 8776 -87175 12821 37265
5 30
8 9
9 23
12 89
13 59
17 21
18 74
21 76
23 35
26 19
19 52
29 35
30 3
3 47
32 86
36 69
39 98
43 71
46 44
44 90
47 33
33 73
48 1
1 34
34 67
49 45
52 27
27 67
53 16
54 79
57 63
58 56
56 86
59 83
60 100
61 66
65 10
66 51
51 63
68 38
38 93
72 55
55 94
74 63
63 24
80 93
81 42
84 99
88 7
7 6
6 35
35 22
90 42
42 14
14 10
10 15
91 28
92 77
77 67
67 96
93 62
62 45
45 83
83 37
94 87
87 40
40 78
95 4
4 76
76 85
85 79
96 2
2 79
79 86
86 78
78 82
82 31
31 50
50 37
37 28
28 69
69 20
20 71
71 64
64 24
24 15
15 89
89 99
97 22
22 73
73 75
75 70
99 25
25 41
41 70
70 98
98 16
16 11
11 100
100
-99328 53304 -51006 -12630 47630 12049 63903 -85405 -21596 29808 -11285 3200 8128 -47046 94688 -2232 27292 -28023 48850 81962 -62007 91518 51206 -96623 -66150 71622 55117 -49410 -96651 -86926 46231 83371 -87226 -94011 7275 47493 -35224 -75101 84984 28118 -77022 -44872 -84286 12137 -92431 -72874 33795 67302 -91033 43159 82431 -49662 -41716 -80884 -50742 78262 55108 -34870 -52394 -87956 -91762 -65586 8965 87528 -23016 -83271 -46164 64607 -63639 -87095 96972 -66452 45191 55569 56411 -4563 2563 -55345 -7132 99539 -13081 83788 -60922 -46996 4710 42143 70323 -51073 20094 11259 -7584 95667 -57076 52294 -12294 58109 73427 -40218 26550 12019
1 17
5 58
6 2
7 77
11 44
14 25
18 3
19 66
24 93
26 4
4 76
28 54
29 41
33 62
35 66
37 66
39 25
25 20
20 38
41 65
43 15
46 38
49 87
52 82
53 48
48 31
31 9
54 83
57 91
58 36
36 81
62 12
12 56
64 8
8 80
65 15
67 85
69 98
70 51
51 63
71 63
72 3
3 80
73 38
38 91
75 77
76 34
34 87
77 17
79 68
68 23
80 78
81 32
32 10
10 13
13 95
82 16
16 63
88 44
90 17
91 40
40 47
47 86
86 23
23 56
56 100
92 17
17 87
93 59
94 85
85 45
95 30
96 30
30 59
59 84
84 27
27 83
83 15
15 61
61 63
63 9
9 22
22 2
98 44
44 66
66 45
99 21
21 55
55 2
2 60
60 42
42 50
50 74
74 87
87 97
97 89
89 78
78 45
45 100
100
-52349 -74401 -83487 3709 48922 -44217 70789 87775 91775 50668 -72782 42433 -52706 -92086 12836 18725 25 -9690 76005 -82656 45648 53872 50814 -88252 75594 -8441 -60401 41559 -65573 19578 -21688 67187 -36630 5969 24587 -35778 7031 18849 14914 -52219 -58911 -49266 -12469 -84900 47723 96438 56114 44571 -64943 -89674 -93661 87968 -13209 -46985 570 -67660 92406 -32954 75428 -88712 -31664 -12271 -13229 41396 83102 45233 60320 9610 30845 29270 45470 17339 -91547 -78332 -55927 86974 88926 -29984 -40477 -81345 28385 52885 95541 -51049 92087 63896 -85437 12696 5885 58769 20513 -54184 -92019 59498 18017 -13171 -7933 -20258 -13529 51944
2 76
3 99
5 93
6 90
8 60
9 56
10 76
14 53
15 4
18 58
19 68
21 36
24 29
26 13
28 16
30 56
33 67
34 87
35 84
49 29
50 25
25 59
51 56
54 48
56 23
58 95
61 20
20 13
63 1
1 71
64 72
65 60
60 29
29 88
66 67
67 62
62 22
68 82
69 4
70 55
71 48
48 99
72 42
42 7
7 55
75 36
36 84
77 59
59 76
78 81
79 92
81 80
82 23
83 11
11 92
84 73
73 41
41 74
74 43
43 53
53 17
17 87
85 12
12 89
86 80
87 45
45 100
89 44
90 13
13 22
91 37
37 31
31 4
4 100
94 32
32 57
95 44
44 23
23 55
98 16
16 52
52 27
27 80
80 22
22 92
92 39
39 47
47 93
93 96
96 57
57 46
46 97
97 55
55 38
38 88
88 40
40 76
76 100
99 100
100
-83545 74177 28473 -24921 -16859 97733 -42599 13200 19922 -23560 -88165 -91642 85146 -59948 14212 92393 -60820 -40950 -87422 15623 81465 74904 -83556 -58452 -69038 -89265 95775 62903 86715 86654 -40294 -76916 -21792 51742 91031 27680 25208 -91692 62538 17149 38286 83020 -11225 -40205 -57897 -34879 -13216 45236 -16330 -39255 41567 -3044 52621 -72728 6305 -57943 -31330 46836 43570 -45472 -87942 96707 88932 81375 60683 2092 6574 -42380 88304 53827 -86207 -48357 60082 10474 -97101 -40986 -12396 -31489 58900 -1046 52643 -91640 34053 -22087 -22810 -35034 -9137 17873 -21909 22073 -72786 59023 40349 69138 44333 89834 -8574 -85175 -45996 79330
1 46
2 91
4 86
5 91
6 62
7 68
10 83
14 25
16 76
20 97
28 22
22 94
29 87
31 24
34 63
38 50
41 84
45 76
46 77
47 19
19 44
49 9
9 59
50 37
51 13
53 33
33 11
11 69
59 73
61 42
65 58
58 25
68 79
69 81
72 84
73 97
76 15
15 27
78 42
79 17
80 67
67 44
44 87
82 37
37 54
83 42
42 3
3 27
27 36
84 56
88 39
39 12
12 66
66 60
60 23
23 77
77 96
89 74
74 75
75 26
26 85
90 94
91 63
63 17
93 13
13 30
30 36
96 21
21 48
48 40
40 56
56 81
97 64
64 18
18 70
98 81
81 55
55 43
43 92
92 86
86 71
99 35
35 57
57 52
52 24
24 94
94 70
70 25
25 32
32 62
62 54
54 71
71 95
95 36
36 85
85 87
87 8
8 17
17 100
100
-3150 -13741 91996 27187 438 61540 -14020 -91241 22317 -42550 45490 67174 61727 92709 -93201 -30619 20233 84851 -43155 -11961 -95641 20904 69981 72940 48379 -70434 64418 -17457 3605 29609 37688 -84614 -34411 -85293 -36100 -48307 -17328 -83747 4868 98804 -2865 25373 -95559 80960 -71944 -22391 -46605 -31049 -29895 89395 -77414 -78695 68781 -29959 2614 -53299 -43473 -91029 -34601 -32818 -16468 -20410 79925 22363 -96527 -27760 -8817 -63941 33834 58035 40775 -19908 56795 -21884 81524 -57607 -46264 18590 65007 -2954 42310 15962 1924 1196 -34880 -11419 63854 -67231 77418 -12081 28154 31222 -68034 -49019 45971 -30012 66120 -36953 -901 49358
6 94
7 99
9 89
10 69
14 89
16 93
19 80
23 85
25 38
26 98
27 4
4 84
29 43
33 40
34 5
39 37
40 54
42 41
43 83
44 85
47 20
51 12
54 75
55 63
56 37
37 46
46 57
57 91
58 45
59 22
63 22
65 48
48 71
66 5
67 52
69 30
30 61
70 62
62 61
71 60
60 35
72 52
52 49
75 49
77 32
32 8
8 11
80 31
31 74
74 13
13 68
68 17
17 83
83 15
87 79
79 21
90 88
88 11
91 61
61 81
92 2
93 85
85 82
97 50
50 95
95 86
86 3
3 64
64 49
49 76
98 36
36 82
82 20
20 89
89 78
78 84
84 18
18 12
12 73
99 76
76 11
11 53
53 5
5 81
81 2
2 1
1 94
94 41
41 73
73 28
28 38
38 21
21 22
22 24
24 96
96 35
35 15
15 45
45 100
100
67010 76547 -65483 58179 31307 67749 79508 99803 -80836 -39474 79874 5129 -10132 -67740 -13805 79460 8366 13453 -26413 -58432 55891 17854 94580 79228 37313 -76790 -78360 6516 65859 -39158 -37279 -8915 -2471 -34742 -59409 -42843 28867 92171 -61239 68658 33440 -38918 -49431 33960 -16302 -48985 90837 -33039 56135 -70928 3024 -76193 -19388 -58816 -34122 55623 -59050 77439 45798 81864 74526 -51883 46479 45249 -36659 77688 8296 21261 75934 63697 51064 90107 -79172 15791 -67954 79202 -29353 40620 -40148 31952 -34538 -34780 -55947 -65325 -23974 22385 3761 43370 76786 2321 -9402 95335 -65227 -77811 -75002 80107 45120 -25185 96837 -11445
12 49
13 18
14 26
16 47
21 40
23 79
25 44
26 70
29 7
7 1
1 81
32 96
34 15
36 27
37 33
33 2
2 27
41 46
42 60
48 89
50 39
39 68
56 45
45 35
35 9
57 53
53 49
49 22
22 15
15 3
59 51
51 65
65 4
67 66
68 58
69 47
70 96
71 11
72 94
75 55
76 54
77 98
80 81
84 44
44 61
86 58
58 73
73 93
88 64
64 43
43 85
90 95
93 52
94 92
92 19
19 30
30 55
55 62
62 52
52 78
78 28
28 87
87 81
95 91
91 10
10 79
79 61
61 24
24 54
96 99
97 47
47 85
85 27
98 20
20 81
81 27
27 31
99 9
9 3
3 54
54 5
5 46
46 11
11 8
8 66
66 82
82 6
6 17
17 63
63 4
4 83
83 60
60 89
89 40
40 18
18 74
74 31
31 38
38 100
100
-88444 97681 -98595 -90952 85330 53317 80901 82906 10780 -93972 -54573 5251 95539 44597 -6700 -87115 57919 66102 41487 -70600 -42875 -21007 82595 -82360 97363 -66769 1210 38099 78071 -35974 -31713 -15354 -71600 7112 -20569 84178 46558 -5647 99794 -89570 -44858 -88100 49092 -95877 25975 81776 -44736 -38918 -23548 17482 24871 26643 -84662 -20230 77080 -8135 -56000 -958 61314 -63997 30597 -38335 80189 55397 -33205 31910 81937 -67110 90144 -69788 -69322 -40788 -53022 -1367 98077 42256 -34059 -20856 32666 87689 47822 -59725 49079 7304 -77267 62598 52542 -23034 92881 27992 76767 -49507 -33121 -7419 -59280 -50468 68103 -57625 96024 -19313
1 60
6 39
13 5
14 46
15 54
17 5
21 83
23 100
24 100
29 49
32 4
4 49
34 18
18 71
39 45
41 93
42 89
44 20
45 11
46 83
47 92
49 51
50 76
52 86
53 35
35 31
56 91
57 54
60 75
61 59
59 40
40 54
62 77
64 55
65 88
68 94
69 20
20 85
72 43
43 5
5 3
3 12
12 87
75 48
48 7
7 25
25 55
55 51
76 9
78 28
28 63
79 67
80 22
81 96
82 19
84 38
38 2
2 11
85 100
88 11
89 99
90 63
63 9
91 87
87 71
71 73
73 36
93 9
96 31
97 11
11 26
26 58
58 22
22 27
27 94
98 77
77 66
66 92
92 31
31 94
94 36
36 54
54 51
51 86
86 70
70 30
30 37
37 9
9 8
8 99
99 16
16 10
10 19
19 95
95 33
33 74
74 67
67 83
83 100
100
-9786 -9255 82825 -80597 -84503 34425 -63040 -49041 -56643 -32059 38448 -50186 56140 -14401 -51378 61356 9799 -89371 39308 73473 -91310 80960 -38059 99397 -91157 38502 -51598 43430 -29632 62112 -28620 81807 73273 16430 -36531 80251 52310 25168 -55008 58590 -57942 -33845 26827 -96211 51821 44233 -60074 -29723 72279 -41620 -13017 -27617 35166 -6326 14109 41172 -47945 78429 -24022 -50593 12477 -60407 -72809 -33912 4597 -64470 -76730 77188 -52478 10081 59070 79548 -61764 19472 -75417 -89847 -79245 13522 -46915 -73374 47152 -42261 -18732 49296 56919 23026 56887 -59349 19292 59235 51916 65442 -28249 -77255 14025 62587 -85401 -64047 75798 -92410
5 69
8 49
9 38
13 2
2 7
14 56
15 3
19 49
21 66
25 1
1 97
28 17
29 16
16 18
31 47
33 46
38 12
12 51
40 88
42 93
46 7
47 32
32 18
48 75
49 22
50 24
24 45
45 43
43 37
52 90
56 91
57 51
58 37
37 55
55 83
60 82
61 30
63 22
22 39
39 81
64 97
67 35
69 70
72 89
77 17
17 44
44 73
78 76
76 7
7 74
74 36
36 20
20 59
59 54
54 68
80 51
81 86
82 35
83 41
41 4
84 75
87 90
90 18
18 65
93 4
94 92
95 75
75 3
3 73
73 34
34 51
51 62
62 4
4 65
65 53
53 88
97 71
71 86
86 91
91 89
89 88
88 11
98 35
35 96
96 23
23 85
85 11
99 92
92 70
70 79
79 6
6 26
26 27
27 66
66 68
68 11
11 10
10 30
30 100
100
75887 -32512 -17921 97092 -36768 41437 59274 47413 -61432 80406 5428 39584 20747 80163 21535 -84509 21692 65089 -59914 -9048 62231 -14044 42012 -14867 -90969 -74110 18865 18690 -79740 -21978 -92975 13515 -29186 -54911 -60589 -6648 -38511 -30666 -73168 -34466 -90133 -56288 -64039 -70174 -37237 99680 2444 -59343 -93960 56160 17298 -46162 2743 -30552 89884 -43483 3439 14626 -92366 -69000 66379 92257 -80761 -31880 19985 -42062 -38049 -49088 -76296 99111 -6107 22369 90770 -30827 -97260 26002 44345 -89612 84703 -73902 -84998 -69266 -18423 4789 -85752 68382 7546 32355 40706 19356 17412 29054 -15321 17501 -46812 -86377 74689 80710 2258 -63573
2 68
4 98
7 3
3 53
9 78
10 20
16 74
18 31
19 5
21 99
23 93
24 13
13 31
26 20
20 36
28 30
29 14
14 75
31 30
35 12
36 93
39 43
41 1
1 6
43 71
44 32
45 55
46 72
53 22
22 87
55 47
56 50
50 54
54 25
25 71
57 49
58 52
52 11
61 47
47 12
63 17
17 69
68 98
69 62
62 75
72 11
73 67
74 51
51 12
12 82
75 59
59 85
77 11
82 87
83 86
86 79
87 81
81 76
76 34
89 78
78 88
88 71
71 33
33 66
91 49
49 27
27 30
30 93
93 67
67 34
34 5
5 66
94 38
38 37
37 79
79 99
95 64
64 85
85 98
96 65
65 80
80 92
92 15
15 40
40 32
32 48
48 84
84 66
66 6
6 11
11 60
60 8
98 70
99 42
42 97
97 8
8 70
70 90
90 100
100
-98886 -54749 -41558 50102 -21489 -9181 -67305 -59156 -12057 29843 38128 95573 -64456 61182 -98238 89574 70823 -42635 -3701 78616 -66002 -46034 58584 14881 28473 -8838 -13167 37524 73459 53416 -83854 30143 91494 -88950 -95730 -53827 90608 -18442 -78690 76764 -40485 53528 -76181 17691 81893 89096 -73423 -39672 -39230 6685 37595 61730 39025 26831 62329 17237 94045 -24386 39445 -78246 -71238 12150 -27588 -54816 50559 -3346 -46046 -55376 -28061 2938 -59895 -91457 60091 -75588 6891 -12973 86198 42064 85101 59238 89852 -10078 74799 -73981 92146 -15965 -78480 -40578 -94605 62013 43937 -29482 -36221 4184 38544 -34015 46670 40579 36372 -51583
1 91
4 45
11 18
12 7
7 32
14 6
20 49
24 39
26 77
27 18
29 99
30 55
36 64
38 92
42 81
43 21
21 88
44 99
45 3
49 48
48 76
50 19
19 52
52 63
53 5
55 41
57 70
58 10
10 8
59 98
63 25
64 22
69 13
72 70
70 9
9 3
3 98
74 60
60 97
75 22
22 67
76 25
25 92
79 61
61 71
71 16
16 17
80 39
83 18
18 77
77 62
84 23
23 28
88 86
86 46
89 39
39 68
68 32
91 34
34 85
85 93
92 46
46 81
93 81
81 32
32 33
94 95
95 17
17 37
37 51
51 15
15 56
56 2
2 6
6 31
31 98
96 47
47 28
28 73
73 90
90 67
67 62
62 5
5 82
82 8
8 54
97 65
65 33
33 35
35 66
66 41
98 13
13 99
99 41
41 40
40 78
78 87
87 54
54 100
