1
100 50000000
2124297905 554800609 979609484 319445102 1097252130 2619664351 1702224005 92067911 1620556006 653697095 4280253719 4100431598 1753193606 3456085251 3315259488 1048960251 3266480200 1396711792 1331480005 1886800847 1488383140 578912093 1510818396 2554316955 624775387 4201405575 4177563029 380587820 3904891680 1262466610 2404997462 1026686059 1346861994 2218830145 3814790143 197444092 2897269255 1136700564 1679707779 2883498064 2178339231 3389889642 2251007396 1565169140 3985733659 487176765 2454028660 716365635 2870488013 78382049 224449348 3386880131 1404700427 1190320113 242243183 3715463092 772354049 2270837854 3976852702 2976077407 4028744705 226522252 3067004831 3320751771 3146869320 864084020 1983191197 75125913 4000028764 1365689519 1745561663 2896570254 2934346440 1188287013 2791367397 885027969 2571676859 3803763500 953651905 3141490670 2930701716 3977124667 3771223086 4257890516 3421874562 4019929790 1855435530 817553182 3942256949 670552492 3357950054 3858467160 3117073697 1955957524 536246832 1246870014 3935514822 942104669 1665206023 3002622786
41 49
33 53
19 46
55 61
84 96
17 54
3 13
73 75
40 88
27 64
47 79
5 41
16 45
2 40
29 35
82 88
49 68
69 85
35 52
14 35
63 97
83 96
12 60
12 60
18 78
1 66
80 80
62 63
36 83
65 92
4 87
65 81
7 35
23 28
94 98
39 78
71 83
35 94
58 83
21 59
75 86
1 86
64 95
58 88
35 97
12 21
27 28
26 45
27 85
28 97
22 74
7 18
11 32
33 67
53 75
25 47
64 99
63 85
7 82
18 89
9 32
2 55
31 65
48 92
22 89
19 28
9 60
12 29
32 42
37 61
22 33
40 67
38 42
42 46
21 81
56 70
86 91
88 98
4 27
64 95
63 93
51 67
29 51
66 82
41 77
6 80
11 13
29 39
49 73
15 23
32 77
14 81
25 37
14 88
56 74
7 60
81 98
28 69
8 52
52 71
