3
500 50000000
2333906441 2882591513 1195587396 1769725800 1823289176 2260795472 3628285873 638252939 20267359 673068981 522135395 800870454 2880845379 902405859 3547010575 1944503075 587150322 3737234161 2470007065 273507984 3828198629 2681399148 898516285 2247761467 795978641 2415044092 465475210 24984670 943593559 1320372611 4203157148 4081010541 3486152581 543975840 738481026 339250318 3505658614 1337251540 1177137765 2716066821 1854155356 3003723708 4037397316 2757218440 3511777330 3951472048 1443589826 1283664190 753382159 2442743480 1601301448 767185660 24431953 2287386627 1084162938 2777518698 3417344479 610166164 65519587 2497046592 2572012726 2058105116 2593320761 1659657455 451605874 1891782559 1640434609 1738419504 156663464 1899466606 3824288551 129378477 4213022995 3332917441 257448889 2366348195 3824865718 1636697803 2477773074 2273179209 3188925966 4109754987 2706619423 755146770 2498993206 508106821 87785395 3706323433 902057308 321550812 2339403732 3543755446 3303324495 3591158785 1076727822 323818682 1227912653 48965995 3661009028 207964743 4187620996 1533830357 3800415952 2859131275 1544074456 48918007 2572079600 463503293 1523835524 3869821802 1461105841 3413978293 764852012 3485198373 1020888838 2749973320 192682023 2683407575 2170811487 624949987 1615991979 2449058645 2546079840 279656051 2705579758 1346096760 612463693 932290338 4010817851 2263234663 4064670635 1834416535 2586844417 4220365563 1665443512 603234531 1559880596 3214403382 877656261 3388043711 1188696883 3137029573 1058863524 3631903128 745640702 2388819466 4151557041 244223473 4110337814 3808453018 2568277431 1350410503 3140912806 2406864743 1461943419 1090983541 395375803 4015631656 1990708844 147080927 2184845108 2948688159 379933562 1885211203 2267894004 4199279513 4261286328 2050349330 1696666414 1026293760 1441375718 4004415578 3459383726 587186980 3239904273 738424333 1344610135 2160602579 2723166830 239886317 2321019972 1278470365 1274719456 3984499477 475830411 1660418825 1342779866 1984813769 1962710431 2485192589 2830126070 489285267 1092027742 1582324600 2753508957 1549402669 859524342 3779650618 2824477056 1179149057 3342726730 964568809 3348349623 3495988189 2621339459 249970321 1327146374 3135985076 2996748635 140355619 3692032452 2576925535 2685745103 131173047 4219409486 3691974869 4194036098 1888838671 715945844 2407091490 99549333 3510728873 690392601 382279134 3966388667 3012866845 4095465427 1656019667 906145416 74829279 1548444163 218901056 2359548786 1868618883 1167504600 4195512466 1978268910 402796251 2989991163 2368758238 2149012193 2762106955 3075501494 1890879263 2258963524 3388187293 6008742 3025622099 1695224807 3094345106 2113841035 2133639822 1730357842 3150769014 1521699610 3756088515 2150122128 2404749677 1912019067 2922358796 388405862 1582398445 1174943783 2538878837 4052203287 2057558840 114008378 1934524504 171793076 1058903985 1216078579 3378837502 2501149179 1892104886 4255852178 3007001282 4263365931 3526438750 4265406637 1596592128 472653969 4091060020 2853926071 4189460664 2250506324 1833665015 743673189 2138605099 4049983422 2863962873 1038781175 1003378470 4290381425 2362322641 2502650870 4248029298 787177316 235134211 1661488447 2650025828 814641618 482458129 1764246599 1986370870 2554131427 3156244193 3077713840 1443462065 2091182986 2345635506 1329678134 4091304816 2480091811 490290308 1897120615 4219163788 1544805682 3188561694 1380110117 3642447710 894243268 3145034651 1938141042 1125219381 2112449189 4073987786 3861503392 1160606294 3132579319 4176443997 3307510388 2909056383 1612499269 3478062804 1476350072 1902967880 2813354814 469186654 3053884915 4167803685 487640188 1668508203 571353870 1917870385 1958672851 821004833 686061863 3827504425 4130220530 2036791990 3597532254 912164239 2234073127 2616275573 937472215 2223518886 579471489 1730704233 4205075132 1387360105 3036728678 2527908650 3693566893 1669803924 1662893773 1936813379 1077323918 1060517881 1286076504 2489272386 3680338245 4105476279 2031450753 2553100632 2848753236 1224297227 3460578026 321131330 1086542979 2415401176 341765325 806352936 3147182839 2461508901 4129170724 581817956 4096560155 1613308564 2106677381 1417387048 2715244248 2352757323 3148189648 850275805 3875819317 1080401837 696845198 3476277922 1743246992 3976322194 1791391065 3864988312 2987540715 1866360380 1824705017 91681801 3685572521 3371984462 3637547312 784186104 301502894 2475779866 1296016753 1530550176 4207451659 3276485159 153016785 2288410840 2114810325 1563607398 4090427453 1766383250 3481387792 1057619542 1264139638 481192340 2560803477 914732164 1851894775 3004713318 2544327883 3968785852 3838636044 3825802865 2379502897 1524778887 2116845531 3535522450 1371256170 1638513357 1131147451 146067913 2329077500 3810583297 353323444 2135276922 2730038908 112357535 3420534383 3830342867 4100609308 4263145195 2940438855 1203667382 2097203189 1917726310 2084838568 3657736116 4151914465 2037233454 907732264 1191695705 1768015283 3614897071 4250581309 838055377 122027974 3677841489 3012174458 1321955363 108111058 493175255 1378176529 996661040 315796352 816528260 261497208 3852049780 478486477 3061738202 727004422 1169607363 2695892033 1423371310 1882884028 573158026 3568704509 2026332558 1029899588 3760195711 816270160 2822801655 3057585747 3173871957 3686348624 3570362254 2401126732 3391845938 3025462617 3252848358
377 402
225 444
66 403
193 404
176 454
262 441
366 466
420 425
65 338
38 115
87 282
31 248
109 283
91 136
212 381
408 456
80 315
98 185
363 451
303 463
138 280
177 491
334 487
68 117
23 278
110 332
13 395
63 216
117 444
140 147
86 223
300 456
387 417
159 385
130 345
59 330
127 384
15 83
263 361
109 322
2 344
145 266
321 355
202 260
42 50
374 487
89 197
45 378
352 429
363 364
139 375
264 416
132 262
343 476
157 412
217 408
326 358
127 156
5 51
48 302
67 430
2 137
96 488
66 259
427 498
31 99
10 104
115 115
246 352
49 300
26 428
139 297
398 414
383 419
105 208
440 452
39 209
160 164
169 243
236 462
171 189
22 139
238 357
349 397
210 310
260 386
96 476
293 413
435 445
249 281
207 493
206 379
78 370
484 492
81 262
13 372
6 459
100 437
332 421
302 455
331 343
45 342
286 484
106 133
90 367
43 207
106 272
53 176
140 175
159 171
71 393
56 153
202 432
124 192
214 226
119 428
150 166
424 431
104 116
258 478
266 493
116 449
124 463
130 342
254 454
3 233
399 455
171 491
119 200
161 412
10 212
145 178
216 410
54 202
71 231
316 474
66 451
99 152
230 238
11 353
249 353
198 356
98 325
168 341
161 347
437 437
350 403
120 193
399 476
190 293
56 360
53 76
158 204
36 68
113 129
416 456
87 467
129 284
359 425
356 448
23 295
20 313
201 371
160 172
229 388
267 362
182 222
104 155
348 499
307 342
155 236
59 384
81 276
380 492
211 423
92 473
41 74
43 353
217 387
412 489
280 345
44 500
222 413
37 231
400 404
257 332
223 244
255 316
327 452
180 422
139 292
47 93
457 496
146 297
255 338
140 488
400 476
180 395
44 335
110 461
199 437
345 384
339 388
57 393
38 190
192 496
25 31
77 265
77 97
84 495
27 241
72 170
338 391
367 396
17 373
300 435
102 177
6 28
218 342
13 17
92 297
421 447
212 435
206 434
460 484
176 492
332 380
148 307
195 363
53 485
62 476
174 214
126 250
77 96
67 175
278 320
222 380
267 296
270 306
283 289
67 95
136 153
123 240
192 399
138 461
411 476
109 185
153 400
347 407
36 87
289 444
106 353
217 305
254 483
274 284
10 76
97 468
460 481
214 474
229 278
94 188
134 238
262 320
226 468
118 267
16 18
36 381
4 463
232 485
352 452
138 149
73 483
357 437
147 337
17 139
28 312
279 449
105 132
87 417
32 204
380 381
103 455
57 203
11 315
98 144
137 436
141 254
1 165
134 253
32 309
78 188
106 258
435 496
270 285
319 483
423 498
21 106
246 391
91 186
68 162
83 125
197 376
94 422
124 487
150 263
276 484
19 77
44 209
37 459
213 333
411 469
242 273
158 425
381 479
84 97
15 227
117 342
144 467
37 187
142 354
103 427
356 436
12 439
360 466
223 377
174 396
226 475
185 294
63 217
313 330
21 336
48 240
56 481
264 418
170 381
243 355
86 192
271 435
352 457
24 494
170 425
62 332
254 271
136 295
85 187
308 317
271 463
345 369
26 140
130 424
188 282
56 319
111 153
104 211
222 286
11 413
318 440
125 222
311 402
193 456
188 263
278 285
277 456
158 418
106 219
321 392
355 357
154 180
258 380
20 367
186 363
10 489
106 320
309 316
340 408
45 140
232 482
259 366
30 233
111 419
199 269
29 121
129 371
142 215
156 300
338 411
433 481
406 472
118 267
148 328
83 413
351 465
8 23
127 477
115 397
318 459
33 222
381 493
138 376
61 112
49 474
257 327
162 385
329 350
16 209
72 241
107 469
37 89
76 96
326 388
305 335
51 491
421 466
28 159
84 330
314 356
194 195
79 273
192 382
35 277
42 212
133 303
87 137
170 201
6 305
319 411
16 148
243 462
361 474
162 248
273 276
293 389
46 230
233 435
32 261
44 299
101 486
146 479
110 375
377 447
2 216
131 148
32 456
221 249
77 495
195 374
94 499
169 289
389 493
280 385
98 238
84 204
40 443
105 437
341 354
285 383
20 412
63 75
37 446
157 491
122 445
122 248
305 471
30 352
161 262
260 361
35 152
49 149
208 432
131 311
74 213
117 368
15 483
179 221
88 311
181 461
2 85
382 450
195 286
264 403
49 476
82 236
189 420
184 478
218 412
176 373
253 411
81 405
101 402
94 441
28 373
221 338
22 324
35 396
215 245
106 398
256 400
151 342
112 435
193 436
500 50000000
3042236376 1027678026 1105604734 1703096539 2655848976 2926329066 522376577 2360704443 2737287043 2718666661 250361152 3575715631 204543954 2855233682 2198785131 2569735830 1285548107 141269153 1487931847 4219856004 2788367652 216881629 4075444088 3177540142 2217242006 522718681 3064645753 1924745661 2517543415 232260755 1696236500 3866794559 2885429998 2823046085 1018639846 3849633076 3643030540 2046499693 1256162678 4196679280 518214949 4085417644 1851922009 4072219082 1168023066 2608232599 1175645402 3735003209 2758239029 3330372462 1932358729 2277160051 3901912407 588814804 3330305503 836410836 1456477159 4149476237 3022543073 827767687 1027006657 402746871 881160126 2009548963 2937622768 2696419135 1789692627 4094802187 838426780 4116109819 1676452752 3285866299 423154885 46939388 1385317555 3640185833 3820279518 2044854409 4047027069 2510541408 2823815393 1248061466 840219092 840399241 2257773065 3970772747 1334914916 3405990195 2385203197 3159402522 2300083034 90903934 1997644817 2491801111 3297953321 1129830687 3809408249 1701875835 3564004125 438938512 4118199650 2431179935 3912990075 2657385624 513999290 2518802627 491638868 3190377702 4281932102 192783792 171834438 2625000776 3691798171 3695688840 1999328888 4290489384 1241238360 3856783817 3149344727 1890955569 2028051106 3301110699 1572103136 2553733834 316724154 1898540247 3527049912 3868714621 2096016704 2270286400 3251556814 1293864003 1593768190 3505725164 1157514403 1136790540 3155059934 4157357365 3635966955 1396781922 3320695682 82680029 417741915 4211971473 1343830006 3036870989 233205425 3458674735 4279582114 3914471097 763210245 1688951428 1594425041 130336084 1541603759 70156649 1027274333 2587891204 833758167 622230197 3101640132 1386136247 4279290070 3540939171 2825577638 1617659547 814500462 2652303309 3419008794 730409626 2719353509 4257351976 257589212 2264017975 1938048005 500970237 1710065187 1367291484 1964894763 806283065 744298122 57480682 2384395020 133446455 2901575543 3968964875 3549480576 538402221 3238299441 4136452810 163493349 2516909118 3414987126 3693740747 2808615740 1775219279 2598426444 2138714070 3432207 4044427701 56327581 735580696 631810515 2816969427 1140846033 3726573202 259821927 1965462546 1107524460 437784889 983810939 2965143168 3539412845 1882522335 866958409 2454998653 3784262749 447194422 920688515 3938423903 391905051 912979565 3203211504 583721866 2166123958 2766839347 2517718596 1711335111 1564038594 645651055 2376207654 1961135898 3491141381 3139136344 601610061 1562160858 1149441073 696961493 3176336864 692776143 1175945185 2317016495 2563500452 2935387392 1454372419 1337758530 307535955 2703275262 2141457252 3624652878 3068716828 1081016287 4254741781 121842991 1314965310 962430579 1854648461 1034423524 2354430454 4003555899 2543818547 4001873585 463574627 2389888820 3100120381 3933138027 1236155731 2158608409 3050266403 981177154 1137811305 2066064846 1414297411 797023608 661164166 3602412582 1313127306 2301072817 3296789263 3362617904 2464658583 2933179060 4173463689 123365540 2971470418 1289233874 2110384831 3816834738 1799392925 3998228426 4092581636 3731134992 619431015 813706732 2238581241 266093613 3818867818 2552910859 3110914180 1707870396 2802153948 1151292414 2461921956 2585208758 794924414 357014351 2636598253 2069714669 330498645 3211186685 2869444116 697612228 994198018 422399763 960949420 1533959937 340658099 1960426305 2272265951 2279909914 1255020452 3597293892 2296709436 301269115 2133050266 4154883036 1884261205 1503785638 1759506987 27743153 1119315801 1306534073 383862016 2864511240 3464692685 4132723687 672485868 594803311 3925282909 3334200111 1918413174 546206673 1930162002 2235260452 351304138 3891116982 2991416421 3811274087 887220669 620237916 411041695 2872544080 3101012435 3160803208 1690736154 3094638059 2538811343 137121941 2202307282 221486393 106482736 352550084 3276177929 41006058 1141438260 3414633940 4204029273 2550915079 4074575375 1823263091 3116728809 513593236 3116020324 2194771040 218290791 4077736654 2551494544 629332269 3080035534 2181903595 179842959 1409658833 2086702699 2003258951 4238377909 4169265241 205412548 38417867 2486150276 3509059962 307345260 3460861252 1203199633 1879803460 3014301777 4068460915 697167398 4026117341 2114354337 3596144097 4099742613 2759483595 2531261149 3769838657 2605442356 2373185046 3727973817 3759901596 4022442784 1058141179 619164473 1715655492 1189736828 3042610615 538253608 2950484902 3799846879 433237538 3550811694 874140652 4275033850 2426206199 3495543375 3091098021 511726894 1009500239 4000920017 2713196920 30007647 105670379 2312394283 1568656475 3360818553 645259475 3817664383 1958420952 1311578330 3948037557 2768868778 3740679663 536524485 3824472304 2613849693 391524772 813889580 4277475441 1885773320 3090718596 4167890394 3436382186 292456149 3869098416 881210738 1803667116 2180004890 3047937784 603443401 2450001767 4010375686 2800690605 2605092778 3317685719 1982262817 1054033575 3442425610 1574308624 3000925026 4139869391 3197849422 4004216809 1396567797 2530274810 766440293 911942241 61639247 325510675 459775081 767266953 1172748097 3974990218 2647940840 4131909422 4069821769 2205979685 3893269172 3611532139 4145047283 3320852522 1450071460 1842723039 2819229805 339915746 1251793054 3166834505 647978383 1749992800 158622000 2785250149 2568234704 4064065249
218 471
45 493
20 489
183 411
51 192
276 486
331 435
354 391
275 459
40 254
355 477
94 488
220 285
205 343
3 312
87 348
125 307
255 351
28 409
63 367
22 296
119 438
11 402
11 300
199 263
9 487
371 473
409 436
131 211
326 458
22 427
277 294
192 366
294 331
254 336
186 451
230 470
37 209
208 299
110 116
195 319
174 233
267 383
246 315
293 306
27 232
99 345
249 361
210 382
327 452
39 155
102 493
443 452
157 436
91 214
108 401
175 297
53 252
34 140
110 300
331 401
206 367
331 372
305 399
103 486
181 407
328 354
121 253
96 326
27 239
237 294
82 227
246 375
97 495
362 364
72 82
215 404
237 256
29 452
82 216
226 325
275 331
96 484
204 231
61 232
82 178
202 397
238 500
147 336
93 488
52 229
65 204
9 421
97 117
289 477
31 122
175 368
198 262
37 196
28 239
62 70
441 470
303 387
42 136
57 454
7 205
224 313
50 283
41 355
201 253
413 460
51 387
30 368
81 150
42 148
89 143
206 493
365 474
218 349
311 314
98 491
431 470
67 428
113 458
239 296
69 285
120 156
123 314
131 206
194 352
121 330
78 96
206 434
278 281
38 377
30 493
7 431
210 382
231 336
66 203
217 480
178 469
223 355
249 269
138 202
256 407
303 449
301 366
317 497
216 318
346 347
212 251
188 193
332 407
175 218
222 324
243 445
137 190
151 391
255 437
83 382
422 430
39 281
97 235
470 489
417 444
73 276
7 474
20 436
454 459
51 468
135 386
304 441
290 375
65 118
292 304
203 475
34 173
51 262
65 404
88 353
171 486
189 191
88 211
96 135
185 423
11 292
279 370
26 406
127 266
11 168
10 130
105 180
161 226
341 449
280 456
90 315
40 173
236 359
214 474
17 161
158 399
174 218
238 440
173 500
189 344
41 48
303 361
34 402
144 387
33 404
32 361
178 476
126 331
234 465
213 242
490 497
2 99
123 330
164 390
301 455
5 107
247 302
283 390
61 215
1 48
365 379
95 183
13 431
9 31
251 495
117 379
243 406
103 365
170 189
207 229
109 363
208 330
130 187
174 359
99 302
332 370
40 255
31 309
347 474
26 31
185 186
159 271
86 390
130 146
129 194
183 187
263 426
234 436
93 381
12 107
268 417
161 163
81 154
31 393
125 136
36 79
80 125
398 446
291 382
253 405
209 421
318 325
83 164
132 317
393 426
341 461
3 459
139 329
75 134
98 234
367 419
374 380
20 463
44 418
400 427
185 328
279 364
213 420
231 494
177 204
301 365
113 181
174 272
50 92
194 453
204 275
98 468
153 203
78 420
231 374
105 499
413 493
131 420
430 436
114 475
112 230
43 293
1 406
432 471
455 472
87 222
47 150
125 254
49 271
311 352
147 412
169 317
62 98
175 411
251 267
112 282
259 385
111 187
279 286
276 481
134 378
88 171
133 366
49 127
293 330
134 467
266 305
138 337
179 199
85 464
165 298
80 492
115 240
348 432
184 366
206 411
208 260
70 242
8 97
290 370
258 453
159 459
437 477
120 406
39 339
184 345
236 411
12 451
75 483
8 308
162 214
226 307
133 458
80 275
39 86
106 116
2 376
143 354
309 407
125 280
217 437
143 248
135 414
216 263
393 470
101 180
63 298
71 324
384 436
117 140
41 375
204 453
382 430
3 297
77 291
21 27
143 358
165 429
47 97
334 466
115 381
124 200
58 159
238 316
342 379
195 414
111 253
237 458
201 415
216 434
398 450
244 417
72 97
2 189
26 461
52 156
156 459
123 373
197 464
260 359
254 311
102 270
153 301
119 328
114 335
49 210
5 427
43 451
50 387
150 372
165 279
199 375
11 114
82 405
117 470
189 232
338 436
91 232
85 432
308 472
139 352
354 441
24 409
51 141
126 298
201 268
151 447
40 327
169 307
9 500
141 284
356 495
181 327
318 405
278 414
75 413
166 396
158 276
51 374
53 289
391 445
7 18
106 232
139 349
18 477
355 399
64 492
21 81
99 188
203 448
19 376
63 352
241 405
110 170
98 308
125 222
13 170
9 303
260 298
397 422
125 467
392 461
271 316
217 339
118 477
123 262
128 186
246 439
268 432
34 485
246 493
281 381
32 333
417 495
137 351
215 456
302 306
98 131
47 128
290 373
362 467
5 82
108 154
33 465
166 235
313 441
41 399
240 378
187 454
256 473
271 278
6 162
29 259
147 355
51 368
91 248
232 393
48 185
256 256
500 50000000
457457454 3174708206 1764800603 639647944 1447558130 740171475 428796910 1775864344 3964648137 1016393459 3565604318 2504412682 2378485578 4003605295 4206840832 2107466707 3535682125 3142131949 2052478126 1537914587 498030039 693739463 1794770785 1720956785 1511519802 3429656572 550969474 269370106 3378727828 506747895 3343447409 276607925 843289477 1920755627 636370228 347122278 1044935976 710206503 81208206 1156276280 3387541930 2340757599 2542194298 3884779471 3315690785 1320130725 414309943 200545326 998066100 132007094 2615914498 4182163078 3750224267 1009680733 975662840 2188383979 1227816495 2852570736 414010521 758095663 925276524 363608813 1450811616 2478754089 7518563 3913585059 1303706544 2927309613 2366932249 2343948694 641882888 2210335411 3725600376 1234715426 2062289637 1948622238 1004669445 1807989905 85200596 4232077861 1259805009 3428498353 508600889 3395577689 3877913137 2467154108 889048231 1515198520 2470922810 354528409 2947224882 688080956 3189779560 2533693003 1990009730 1869831786 3193091553 1190497940 1399535981 735311968 783637965 2945755004 216994094 2065985099 1084759430 3803108332 3990347316 2363391718 2962876185 2470096533 1370475686 790772816 2112001556 4232444790 1513495841 3442095081 3667757106 2404998941 1087844981 394442665 1218722316 1450214492 819362967 256773203 2361807217 2321570460 2241811465 2426447418 639687871 2924265350 2957104347 1732286304 3910483219 2124050689 2067418780 3730936901 2470647430 1281367944 2400501755 2850471159 3747576985 134730112 58904287 1189231341 71465385 347572205 3728862322 2009070872 2543866256 1475576297 2478456323 1870587718 123197736 209720698 4056097722 2528473235 2440119325 2789457883 3807813252 57589442 3237121241 3532817921 2740178193 3603564952 4232071719 2031320297 820050035 4288702102 547174647 2067068442 2914075089 3026020275 2707749363 910571915 2403245008 2843150761 3153420900 3889315735 2522126608 913871689 1525113993 3735088892 4199478112 3491454102 1570915351 2498523086 3943636443 1647074128 2342572178 2023981910 1510475371 1009408637 3739756078 4148026030 557617582 4125076362 2055302328 11489211 1633510386 2076086886 3809231716 2603251455 263416720 1199847279 1577202731 2919042816 3638479422 3628070879 2130707364 800738544 272955547 1549263845 398885647 2566829912 2973588507 666319736 2336644154 122571886 2521579073 2058284127 1911652380 2569520495 3519952462 515065478 1390358530 3374923705 2277902009 1754780292 752442994 1331762698 3069276819 3155462907 2378356091 3918805484 344961085 3171205383 528996910 628479966 1645063167 278063594 676636896 3935550169 3334567500 1375465755 113089310 2699915931 1184771955 1760432409 1570576584 2112338565 3248482040 2190449086 1925439043 1425705662 616242966 2774390827 1472194842 49725422 3499581303 3550405694 1769894722 1138561479 2086206101 3685458354 3829734428 1078529457 2744813588 503279607 173590686 3441037488 2864799503 1302441286 1392277628 1271173309 353414957 2771263467 2341594069 830067844 950546314 1204055953 1567753373 3855455426 1280930716 2305929890 3579496869 3978689436 338558227 1759851563 2499541237 2093975129 2415336356 3105102314 1081614885 2763501227 668113094 2813311071 2526704815 3677499 2606372889 275351264 3134766951 504555457 1314796014 2836806362 3268805148 1474001588 4018796863 1262638530 1706016503 172671833 3635469317 1648256105 2789852832 226781255 2418129442 2879992906 3415270154 3291684780 1295480669 2298790508 1185081638 1618487604 2384314238 1805241921 275175390 3917194767 2132504935 1434780845 1619922377 125965290 3253449030 485520266 1284732760 1745568125 197751589 2335420571 1546311713 3625253140 2029223834 3321462532 2426175683 3905911600 3875993767 2515443707 1680501965 1981178933 3417626291 1965030463 3628339923 3206139700 3197926140 1603676607 1428217035 374019701 1129413820 312836432 3163956123 3551610803 3122668870 987110262 1681858222 1180936376 2348841158 4029187210 2009607120 3110428568 1633221831 1553953007 2165979265 4202094302 2443011122 4259109204 2925814500 2999972464 1882905660 710104081 869296657 3429993345 2291477489 251371899 1310257442 1880383105 1984298386 2530605687 2923244673 3007722850 2476224649 3169027905 2798449378 3416181260 3936252651 3324132200 884295621 3026532960 2810000526 2001614659 3528483717 1782938731 105020257 4231862793 1270954646 3656357128 3932693843 3262966387 1747486002 2360022291 3706133240 3395230757 175491001 1527458829 348995384 1087374627 942995055 1363767026 932815719 2132531506 2037670095 1281088595 2405656914 2017424873 343804645 305031128 3972587221 1470554353 1323653110 4061610964 3509790751 2659484409 704985498 3406547955 1306131526 4192645853 4074131802 1424578636 474399301 2514288057 1572590443 3869934679 3079289209 420307933 2342505952 2744223936 16070650 1643408242 1291845431 2887777953 366014021 24251251 21780614 4188166365 240675357 2331516505 2026370581 586715807 2710089119 182613436 1992685604 128758426 1749565733 2837212518 4258084338 4246293944 940163366 2212093184 2529480790 1507870686 3197721774 2897197044 943487641 1323294279 1360710623 3790930027 2005923238 1278306077 3384379672 3446159941 1660622455 2070600923 3920621771 2342013137 89192904 913314691 1606219222 728298077 2743375407 1545486896 3263997347 3743474168 3544257259 320866982 173377394 3441076892 3369568435 2044344003 3638806163 2915800243 1302486414 1370011509 4107616721 180092
123 334
27 351
92 319
307 428
178 372
329 440
46 226
23 472
228 264
56 242
159 244
81 349
33 415
113 288
34 214
187 344
218 486
34 80
305 341
66 432
15 351
95 468
132 253
28 147
35 343
155 162
463 489
242 340
315 376
25 133
160 479
210 368
211 324
122 294
182 185
83 107
279 395
69 248
135 273
208 389
41 463
207 498
63 69
350 393
189 488
161 499
114 499
120 310
175 326
220 230
169 446
96 344
305 463
115 126
207 431
100 487
10 125
151 247
92 235
79 350
61 115
146 468
195 339
24 68
25 278
60 495
141 415
236 358
254 268
61 377
16 47
75 244
125 443
26 364
203 444
15 480
334 391
235 453
183 473
135 344
422 482
138 176
238 431
228 440
40 410
117 442
72 321
7 164
108 393
66 299
96 246
299 357
254 360
36 434
260 345
261 341
421 478
101 424
108 373
97 232
285 362
350 422
357 467
277 369
17 224
381 496
228 263
170 216
54 81
253 416
118 442
148 240
438 463
324 355
166 170
335 484
338 442
119 500
282 492
349 477
188 224
243 249
57 237
159 454
75 430
81 320
212 396
34 155
19 364
221 297
24 262
155 435
4 479
277 390
92 245
63 154
61 293
254 311
271 328
90 317
312 478
185 355
28 81
233 302
268 367
65 416
113 456
53 243
181 492
104 275
118 215
361 456
317 388
295 491
138 228
436 492
180 243
116 212
127 492
380 496
268 439
12 469
51 429
33 426
54 187
112 258
334 397
128 225
34 58
23 159
69 230
184 481
104 377
2 386
312 474
317 397
391 428
46 463
214 269
319 498
83 174
279 388
147 173
322 390
305 334
157 424
80 388
79 137
155 288
335 419
32 107
212 318
275 471
169 385
234 244
145 353
86 431
154 435
311 328
171 258
236 300
244 445
76 128
249 377
122 227
271 444
376 386
192 293
214 302
125 322
158 452
123 184
59 428
270 316
249 492
267 273
139 349
131 474
49 244
297 415
141 285
275 497
250 277
274 376
395 454
227 308
194 414
44 145
19 381
249 306
116 434
153 227
356 458
172 188
29 239
139 276
331 361
45 140
115 123
282 354
245 270
274 384
8 499
34 439
413 477
325 444
210 444
47 323
109 398
101 414
285 488
420 442
346 471
264 452
159 485
385 408
63 308
334 466
50 394
75 430
206 239
225 441
2 303
58 333
243 282
265 467
278 280
199 243
7 344
59 86
36 114
73 452
98 213
121 277
88 140
158 400
184 491
111 118
123 394
375 496
159 311
34 138
46 145
372 373
174 446
111 436
233 432
304 370
307 487
156 314
256 415
123 152
58 297
24 301
54 80
19 216
182 427
258 377
147 295
3 233
23 464
142 442
284 397
23 383
76 329
180 317
27 87
137 427
52 56
151 452
92 499
295 440
137 234
39 316
245 265
71 204
6 377
166 260
98 376
58 338
204 226
94 445
337 387
210 289
34 345
277 392
125 270
41 455
217 345
24 228
197 436
219 236
233 467
158 474
217 328
138 159
81 273
112 116
39 491
330 489
19 210
17 279
102 454
1 303
8 318
173 208
145 452
28 327
95 360
29 151
196 248
91 305
31 426
100 432
172 489
321 372
65 445
14 464
36 471
64 203
297 405
292 349
174 490
317 320
82 328
316 435
193 371
78 165
392 451
135 475
37 245
142 462
283 300
374 438
192 314
299 409
369 500
122 183
218 264
63 474
55 315
16 290
262 361
43 283
12 213
176 441
132 204
270 316
7 145
195 489
191 376
351 478
217 338
344 352
231 454
16 174
31 55
18 437
87 238
147 247
373 376
175 387
275 433
160 443
218 309
66 120
273 284
255 431
12 53
44 94
8 128
253 456
4 139
7 49
47 79
71 482
26 249
54 251
84 270
90 169
21 410
249 282
139 330
25 223
35 312
360 368
236 258
73 259
100 306
253 303
46 220
374 384
41 309
413 461
251 425
35 329
81 249
171 434
79 443
260 301
104 289
128 241
256 308
34 447
193 437
163 183
52 126
110 358
366 429
430 472
323 358
120 142
253 454
128 343
119 255
53 470
91 327
184 392
173 180
345 372
34 279
15 101
195 420
121 386
25 163
222 234
193 410
347 403
106 410
57 440
12 54
9 334
329 468
195 499
61 305
10 487
11 387
196 403
256 313
183 188
379 418
165 196
93 367
217 247
123 205
91 475
319 348
76 328
244 339
11 219
244 457
220 454
476 489
105 222
48 369
20 433
230 404
314 453
18 194
183 244
