3
500 50000000
3902338277 4002113979 1107979772 2492776474 3769500145 1885604147 3173832549 1499290365 2998215823 2391462758 2221393816 2772912733 4089279739 1406529436 3924073322 2713642729 335756772 3792262558 3360041065 3965871375 488189085 1348732978 2752429454 435717138 342579573 4036405109 996286546 4165787486 1657649090 1992607980 1016769402 3137251540 4288023048 1863165100 1672207655 2840402541 3108855999 845388275 1940234520 1528308014 2048154991 2907621214 2341890251 492298049 1858840212 1057574424 2532768324 2132356712 450847416 2932333790 3698403597 3541539200 1323001980 979021083 2090420448 2072838650 902289093 2734508048 2663256268 2518061428 1466037188 2268401253 2124133679 3578289775 1319840152 2537877073 1793602668 2414011851 3264914025 354074948 175838663 1340225928 2146911883 1219911430 3490494849 226787623 2234857029 807119806 1853315290 2243655355 3172657898 1055024153 3190686099 4259598059 3783195075 3090395912 4219889687 3778611072 944478131 2712200139 400682285 3340493826 625893670 3196046711 1764617354 764167039 1538438789 4163552441 4173726008 220301342 2822783350 2044083387 2885003674 426351227 3178611537 242138583 2736157951 459193754 3854121069 1182921806 1370787417 3062717876 507324254 1523625290 987391726 1921882170 442012003 3646764967 4172661628 3578293928 1989825022 2282796869 917490882 230193271 1950292172 2103457153 4292491071 814155186 424939950 644610350 1019358079 4029904326 577014733 421390471 3112142381 2249208965 1473705933 736288836 378670126 2566228485 3590492697 3865333089 511529524 1086788804 150408396 2324500771 780115380 210526613 4177725621 2660377065 915133812 3131446622 2149599563 2871320894 3612065661 567370338 1974103944 1522179512 3382567146 2099740693 827507500 3018368796 883328287 2938133155 3872042414 2300419751 2697523585 2461341233 1487719525 1886869494 1982099671 2652518146 2602084066 3584216598 691140322 33098431 3117494948 3372227384 686631067 1893344704 1877166199 1502605658 1427728589 4064287392 1592202793 3858146941 2374308607 1892933841 794396492 3090069734 1322728976 1576473414 394098997 725124914 3334196182 365618395 2860876556 3215552129 1715777654 3338668357 1116266736 3710337428 2694446861 2463945313 3676615347 3324495747 1991610618 2010191279 1279826730 4162033265 669617074 2918375709 2019760825 3945516021 1048704971 4009769101 1523907130 4079440916 2079629828 1681905147 3849627153 3316426532 812017234 3125570613 498304967 393460742 1165147997 2167805489 630878631 821266801 2642194394 4262557448 4083905585 574582061 4251498703 3067394180 1471863181 3709833093 3248873859 2877664643 1040617367 1915825736 2782429011 3227243418 1069252806 498522390 2017867106 1153624573 2648481537 4189874797 3244500098 238240583 787370721 3759841803 1176648217 851765792 1658830887 2380859602 3014270537 1640366937 4211250822 2360248190 1302428483 2570992216 3589668095 1727479706 3415536033 3525561196 1796798867 106297514 256144080 364586637 1612215356 609539511 3359343046 1100643165 2741947280 1743987958 1765268607 4244914190 293648740 1200698 2755397294 139404244 3926161625 1172266249 751568493 1922772556 3637270448 2409014930 2027792548 78861332 2626588717 1978477918 1824022816 2338529089 3032186533 3201013372 1722589719 1130940224 3075337194 1430960408 323699289 648630677 1258885221 209065508 3668163321 1752208062 1528309208 1956143178 2162044063 2820384965 2411549213 2614300894 2385651142 3220179995 2605008124 2439795220 1116947904 1415338683 555708920 954873720 2181478274 2617969393 1952617737 2094179497 1857418930 1286767350 2493881985 1141660087 2955496266 1903440801 1168857360 177384626 2216783556 3688716577 4292369735 3626916235 3921129319 441748216 1827616665 2402658453 1475738833 1683292522 1455549660 1192793080 981815894 203250080 4167184495 1128901068 2598560882 1921203706 2206131902 2631240871 769325203 3993084329 3566362299 1101173750 546496552 3063783574 4150746131 2271591621 972775087 1950902171 3107978084 2070304495 1816581422 908934729 3093767872 3822168452 3382945582 2977219087 1218769720 134729359 3559468781 743087287 48213184 1393661352 3706360842 2510349011 1483332433 3709319178 2278072297 537811736 818728518 2730573513 1160824924 3987920915 2862075121 3440490876 1333801119 3855064169 3683911468 1797220245 3225346718 2982896034 3077336746 2594533109 2675395099 664642848 154287949 508543044 3798234702 3921881961 804068373 1844495536 2386967133 3063392449 2593425484 181380557 3049195263 2829668132 535357371 167008135 601476713 2731422624 3104814876 655510839 3720829505 3129707159 3084181601 1019332127 3227593519 2666725564 917877472 4069070951 3231517604 1102816816 2222379413 1993351906 3694077872 4210444690 3625138854 844856527 2902052347 1949251893 3725790467 85245157 1526843218 4026645928 3518129684 3315939784 737786284 2637738303 2142322844 2885274468 1855869028 1028425462 2859154700 791985715 2499618352 788611792 217185067 3580908389 1337083237 3452282095 2714349641 2126197110 2258227946 3855530282 3276759224 3410002436 4071024849 3031327539 2199434085 3477285309 3508257423 1250325759 331842060 1631486717 4075240936 1017312384 3353767931 3899536739 3327247156 2735020007 3766296021 404176046 241845237 1526578055 2377097918 1806968698 4201140441 2276551977 2698504143 315024260 14955954 2850604666 959237335 2787721885 3862940101 499931066 1320840404 57990681 1878340969 323957277 4156654310 3358020370 4162248358 3067493580
75 389
148 296
66 246
11 261
114 118
243 285
70 210
246 280
162 339
267 311
148 325
141 187
46 383
123 375
133 472
349 350
295 318
104 324
1 314
371 460
297 424
43 499
205 278
70 160
16 320
275 453
91 432
208 328
122 214
364 464
230 489
234 427
77 155
1 380
8 443
180 361
139 388
130 477
243 423
108 178
405 481
333 480
225 260
91 227
18 188
18 84
126 376
266 340
228 433
161 451
61 483
16 254
180 271
230 359
402 442
106 307
227 418
260 379
87 178
61 281
239 293
28 211
53 207
48 331
195 212
129 152
338 362
244 499
336 410
146 300
274 426
73 360
25 473
19 263
306 341
10 489
265 283
15 420
3 139
117 413
85 382
183 232
147 251
185 469
200 318
59 424
33 266
261 316
268 372
197 354
375 404
67 215
168 263
344 360
231 410
1 149
121 288
73 156
5 388
79 97
86 246
9 175
185 248
106 139
93 231
220 355
317 373
124 126
325 476
250 308
420 478
108 236
344 385
85 109
108 438
80 142
8 400
95 499
136 321
136 388
358 406
257 314
221 345
71 340
196 339
436 491
238 426
63 343
88 492
204 406
418 488
177 269
242 380
28 180
90 266
457 496
76 257
231 469
195 351
111 194
102 457
125 320
240 347
193 457
269 274
28 241
305 493
228 384
283 412
25 329
286 373
450 452
356 420
308 315
85 155
173 276
295 492
208 344
281 363
433 443
182 472
14 19
327 339
134 301
108 125
139 250
74 269
434 490
95 111
87 262
190 475
228 241
229 426
92 365
471 500
60 429
79 313
55 471
355 380
152 376
70 422
253 358
425 473
64 338
109 147
110 437
328 437
134 287
288 443
342 445
11 269
150 397
342 402
283 425
83 85
301 495
165 392
28 313
44 209
34 478
192 257
77 199
415 491
84 163
303 348
20 248
172 224
108 460
57 181
346 362
67 110
363 424
7 445
80 474
218 226
77 240
24 137
416 428
215 445
51 380
6 446
455 474
140 304
153 261
419 481
147 415
87 302
359 472
47 185
47 136
452 457
62 267
125 132
5 209
70 311
251 311
109 379
203 321
163 426
338 393
63 250
113 324
134 341
17 67
148 264
53 377
242 248
116 270
223 224
76 246
362 449
19 167
101 441
369 422
23 371
364 370
88 93
149 402
250 481
36 404
161 172
284 298
4 229
188 336
363 388
404 479
261 313
43 68
33 183
264 372
221 381
48 118
38 63
240 416
153 265
15 28
354 399
359 440
63 383
78 491
235 493
77 395
44 249
230 433
248 356
324 422
291 313
405 464
219 478
58 230
195 320
93 410
43 191
130 224
168 450
199 474
36 74
348 384
173 322
259 331
34 482
385 457
120 284
225 437
23 396
214 343
7 155
279 463
222 263
59 453
108 387
234 292
126 462
206 213
363 437
291 302
290 423
120 223
86 495
120 367
83 143
138 397
4 487
6 241
464 478
158 175
65 381
62 169
147 480
296 312
72 140
226 306
237 328
97 140
303 402
239 367
145 197
81 213
211 403
423 490
18 212
345 371
154 405
179 214
36 187
211 229
25 122
135 263
164 322
98 396
357 374
274 331
218 268
97 107
8 382
144 278
349 490
132 352
97 462
4 209
198 412
93 423
184 454
171 326
49 160
205 244
448 487
105 293
163 409
352 464
410 461
310 476
16 29
215 284
5 297
394 439
20 53
204 450
75 324
262 454
70 103
106 454
5 449
227 321
50 305
371 378
154 226
16 190
313 482
175 333
6 332
77 297
361 484
259 356
144 293
113 117
423 483
79 150
298 338
131 195
257 356
190 313
67 419
140 451
293 384
211 260
137 222
218 291
312 372
38 168
111 114
27 287
170 476
370 434
344 477
158 317
447 482
181 364
276 331
29 226
63 141
42 386
90 290
33 464
288 437
270 429
58 420
243 298
331 387
136 406
26 408
123 461
33 467
55 398
48 292
54 439
330 403
388 473
60 130
433 464
38 290
55 326
162 288
162 217
295 438
375 426
333 347
57 82
305 307
394 431
87 104
8 400
90 146
16 351
3 385
239 352
154 226
338 495
44 419
42 101
166 209
43 175
70 256
124 216
88 193
348 407
237 445
339 373
156 287
157 487
69 200
52 178
95 162
129 328
73 488
401 473
275 482
76 272
314 402
233 336
26 111
117 349
148 354
4 405
58 410
8 163
50 220
10 181
38 138
300 347
37 151
250 259
66 411
136 419
264 368
90 382
61 486
168 421
215 250
64 139
500 50000000
831193559 1955520913 529383178 1585217969 2310298774 2953315495 1420542443 611844250 1655645652 3188512182 3734227688 2766862314 4084206772 2363212195 3266579359 1283732442 2607133803 4268995056 682882071 4288329230 725808698 1807580807 2054358688 3052363794 850115227 1364751258 2145369197 1920283188 493215429 3834537939 2333129936 623229500 907404642 2847742965 3313016626 3054835476 2687937142 681509830 2637776040 1098791331 532123853 1968814184 1133820683 1627749868 4128227214 2063117708 3147359886 4042378289 2392737735 832538772 1836270323 195088075 3050395268 3369524784 933965394 4068140253 4029197432 1330371802 2098679100 3464110913 3358789082 2333820214 2823179201 2353883278 701307131 2754924137 2840309019 2988149104 81030966 3339150827 4149035349 2877505059 4181424327 3943844737 3451425384 870958805 5517413 2205262766 852394995 3473359810 1584532705 1723062079 290759876 540788192 1719237340 1370917701 2911152780 1221945036 1513328884 3497747164 2640698403 694600818 1720784921 1229585041 3261551341 108688514 557152544 4195270598 2827916988 556503562 1184637177 1969683191 1957639514 4224571063 685056097 3288348996 3398581812 4258197416 1605005189 2871503935 2705459289 828242521 1840649884 1638863302 1949727266 2457712909 1113146044 2875721158 3295060102 344179796 3845903798 2139899407 2408253578 918185302 1554490292 904163832 3405501499 4028104256 1125037393 1239784462 136373664 2762312935 2947715968 2327502229 1745491111 337586977 476005982 2571662259 587622648 1325762567 4033973811 1692070694 3915243522 1389026286 80303692 2496115269 421403675 1236639075 2606703838 1451837412 591727090 1705985037 2924156850 4176676910 2783185757 3892926619 1569314931 2305067521 248869178 1546351494 974874888 3566867843 1809929988 1526227366 4216565204 225148801 2987865113 1217829344 1476746370 1040544622 4021392840 3971561016 4159860491 1766232418 58268510 3629760763 2086784635 4290261311 3384888727 3229234983 3132382321 802804315 2077205705 134202918 2378038460 358502567 189920736 1862817533 1302283280 2466779836 14465819 647149680 2125840965 2366536639 811857481 1932576296 2939602814 2473099957 699898018 3338840693 4266704665 2509075616 1817571794 3165483801 1511223519 4289882097 2611161127 841105846 722406537 2621974671 2045649680 1681470424 2062230707 3678872226 1403449390 3285900042 2418875228 2807436753 1141291012 934669567 3555635372 1847417709 1292976037 3845474653 1404312236 3401028876 1916366157 382093626 140665405 3955703736 3453339415 3781763290 934989560 1830935210 3455576494 3580207903 4219352096 1964791269 400325292 3266755339 4080274097 1405628401 2121419274 1849288004 2055672889 330416321 4095479283 867219441 2856169873 4284739924 559424956 1578829155 2795225115 2529837805 4275397444 629823467 2318358868 2180059536 1153198714 737157476 2458862402 1001713767 1261256771 2133054533 1352024878 3279684206 508815848 3023890290 4025354725 3827247347 823021102 4031130681 658096059 2087352131 2296965608 1045249735 110790677 3772708734 1017871322 3735743577 964646723 2849285280 1238424229 1698390319 3786443253 2120516211 543824491 2893459330 961244451 2235061535 4016231841 1517769550 815255291 460075817 965971811 112562247 1510932207 20178918 1366179970 3240126648 454796825 1675783592 2497626467 3858637749 2929733406 2541144727 3065427624 2051558555 3178496508 2554150788 3790635819 177021977 1048821082 2676088152 1996318245 176328911 2329229665 921377865 1206845667 1880512503 3260203216 3972479229 817553144 1532611047 1296183270 1583859253 3802470562 4133334462 382516039 2328299985 189126059 3437636333 148389681 1233614706 3730099236 1592192828 985372738 3721114710 310088628 3993209719 1868311584 4219108757 2934696960 2272362955 3822808863 3584348167 3575603751 3720518984 606028048 1185376730 147814423 1473380260 2073727899 4031430424 4185288800 1237864805 108724750 1758920393 882969629 1473164525 2304055232 1991534029 2020239693 1244259997 1373741964 3005226268 1647114379 3948068980 3567880023 2183258775 591055636 2858404492 4189254101 1990356216 400428067 1243571889 998075357 3115445006 1197765960 476781666 2215244083 753035260 1473744729 2239667808 3434812541 611771754 3913081529 609245312 3960400335 4013861483 2923761347 57587419 3302194932 164081301 3853222992 3342265125 332331854 1595134930 387264907 2094359262 3294953874 1023230061 1374544162 235456195 2509062885 2534860422 2353135886 4022068588 3210837772 3152074899 4238272996 864629302 2359443001 3764219511 2504597864 2949332216 782728573 3423087085 2607620626 4022597689 2495196701 1217730250 1376778519 582223310 96490208 836982900 1903797919 3680381805 2291470565 4194843548 59174744 3539498120 2147123354 837752327 2200180315 1202680946 901535179 1805027651 3905973418 1837759706 79626584 2169093738 3224339184 3557814943 3056745215 3704678648 2766483431 1432058009 3319700863 407455330 1454683041 4278878737 385488094 2339343808 234022834 4047984125 15965117 1567370989 2674205594 622602410 3727079042 266167793 2056943754 906759214 774909188 1803591049 1345260303 620131725 357343178 99543337 2561512457 1358527895 829950227 3934613924 1435203384 813440199 2355335832 4261505025 185096980 412334599 1890309323 4166606998 1033323088 3821190363 460049743 1677045503 2175201292 2381341452 2836827306 767712507 2379307487 1220529238 157599454 2887061937 1318897821 3834376092 3625188224 1495853116 3646004128 877464418
142 323
75 120
156 307
292 431
81 318
176 298
346 381
197 306
244 282
198 239
109 292
205 325
198 305
347 429
487 493
115 365
204 317
251 381
69 193
413 489
227 458
42 45
222 284
136 140
41 268
159 484
329 343
272 388
221 328
128 227
364 485
50 154
12 336
372 490
82 329
16 263
69 138
242 401
47 317
109 481
192 324
82 252
17 224
175 214
103 188
400 493
214 309
280 337
317 374
364 398
407 477
251 373
84 401
114 295
16 24
81 183
233 380
171 292
94 308
202 259
170 257
146 400
185 211
459 462
61 248
5 121
133 447
45 231
53 278
83 465
258 497
345 422
135 294
221 329
42 496
257 269
342 496
213 439
100 337
61 362
151 352
99 402
243 341
137 396
242 322
247 338
416 424
141 320
20 260
328 387
56 468
194 272
66 417
123 263
285 423
169 452
172 339
126 237
257 406
245 424
57 451
189 273
335 432
37 252
169 356
61 315
60 398
235 254
62 85
185 230
185 349
424 471
149 469
57 168
96 417
421 443
24 51
20 415
102 174
75 116
91 389
291 393
61 423
297 469
282 355
145 327
243 372
44 225
128 488
215 286
94 471
8 416
292 414
340 500
420 487
170 409
328 357
254 461
340 433
341 427
408 428
96 226
33 293
376 465
107 247
288 456
141 224
90 248
118 498
388 484
4 21
319 446
202 206
46 348
64 355
199 449
60 233
71 390
71 483
183 202
107 439
151 449
86 208
17 251
232 246
437 442
330 432
145 207
189 467
98 382
71 205
1 348
326 393
38 275
139 256
258 431
48 145
286 427
395 430
44 300
113 181
104 236
332 400
34 410
18 258
38 327
406 466
78 194
333 447
36 278
260 428
65 437
175 419
7 43
225 230
156 348
43 67
156 428
69 126
120 215
42 495
450 496
51 142
279 497
386 407
209 390
194 385
146 499
422 460
63 353
79 109
205 370
208 495
8 408
266 288
154 308
57 401
349 407
33 368
279 388
187 484
265 471
26 213
202 342
219 284
29 181
395 431
189 387
309 385
150 292
3 57
73 131
172 390
102 356
110 290
145 466
54 286
249 471
85 312
425 456
137 212
4 255
158 178
35 90
103 477
4 111
194 208
234 449
135 211
267 371
92 220
196 415
179 395
75 304
85 477
268 269
146 415
211 224
265 293
88 215
389 406
488 494
221 271
66 211
84 465
117 364
5 103
41 111
95 320
88 110
183 220
434 438
53 124
35 252
272 386
26 112
75 382
27 404
308 480
36 177
160 369
42 393
19 44
3 232
27 236
91 98
39 78
405 409
189 378
206 359
12 105
10 459
292 392
38 58
33 429
285 473
382 469
105 399
151 358
385 423
336 338
38 179
119 275
207 262
218 443
129 205
418 448
156 329
147 335
143 342
45 115
237 244
168 200
109 172
227 312
155 366
237 321
123 191
21 26
47 142
110 465
136 303
352 484
88 451
135 352
57 295
6 137
103 334
173 179
401 408
47 479
134 329
24 296
234 358
25 194
4 488
64 222
318 353
131 325
309 344
170 351
406 482
28 58
87 223
95 182
180 335
71 114
101 109
320 432
229 422
64 407
298 419
195 440
93 117
232 491
159 211
33 147
163 467
190 474
133 167
40 499
4 322
124 493
333 465
169 223
87 264
232 492
127 487
350 405
25 111
178 434
83 238
145 198
245 470
11 125
46 106
322 439
263 415
249 420
73 498
42 132
83 91
253 377
86 419
44 219
254 350
390 473
330 488
417 454
407 441
118 390
149 491
93 154
33 35
460 476
229 258
352 362
262 307
72 168
48 324
155 219
7 16
214 411
161 292
147 193
160 446
223 376
101 415
102 332
378 442
276 350
32 325
418 474
167 182
62 239
325 339
280 468
151 199
256 495
105 170
239 443
150 467
238 434
181 333
160 242
28 335
56 405
190 488
246 474
397 441
27 308
337 349
118 319
330 420
96 285
60 222
83 492
256 355
201 283
190 210
50 243
39 309
274 316
243 303
124 174
113 247
69 423
89 157
334 349
73 258
132 303
346 449
377 485
83 467
187 268
193 330
118 467
117 490
76 414
229 374
111 125
97 380
24 310
271 291
8 372
59 80
380 455
8 384
248 311
61 162
415 489
101 167
10 498
279 394
265 480
128 246
178 315
40 282
219 248
249 407
175 419
256 355
87 239
117 427
65 287
145 365
119 268
194 475
113 460
149 416
225 281
111 445
146 334
200 405
259 401
228 490
163 218
377 392
353 387
254 353
500 50000000
2206713365 3135513968 1547828800 2969493500 1990368126 1196356602 3339586101 3233400993 3552047330 529860287 3943964542 2923286542 1727074431 2013292048 2500633047 2205359668 385552952 2055803212 3350167118 1647045359 919552443 431931676 785779427 4234769070 3544255615 3059223133 87240301 773873168 1644713804 3984892222 4161184176 708337107 4195534270 2630019919 3970654863 3803646701 1841506334 3318510858 1418491926 1015679709 4101894835 1532027365 2828750947 2023546962 3109509997 740950762 3463146185 2109428527 2987436018 394549283 3020621061 812528962 3449470961 1626276309 3718291375 1117193015 204768861 2144207604 1617882370 3396030340 1971709166 1779216111 1372314576 3848009071 177654366 3722132662 511418908 479334236 3276565562 1924355478 2417368784 3195601575 3345111872 3176796317 2322057510 303657493 588650513 4061102917 3787752391 1128719891 1100495621 1882609803 3414453698 3963838383 2856258172 2669834277 2837946805 3962034994 2847056180 267562338 844158809 733495442 2719157372 2563592358 560911850 3278589465 1716118893 2776762254 2403131152 2266080922 3161524077 3831775079 2762569967 1387149100 2276210471 4275404464 448740516 522168564 1482854022 4036733217 3546964592 2403576067 2561346573 3924390048 3842716055 1492039640 4175833737 457221943 3805840006 2693894172 3194305979 745410294 540172698 2080768247 1000899301 1393544468 2840105380 854941670 3958726467 2511211596 4854831 3790983125 1067996614 465577562 614083918 708866259 4087717265 160180376 1066793696 3171997338 1876157357 2739523648 394066936 3791521712 2908816591 2339346003 1892193740 1180839942 1557335296 2543518131 1571630715 281473792 1732838580 3894106643 3626383088 1701735142 725937903 2089876733 2636988664 1308538234 2892725582 4128504082 2046802214 1394157086 2598632819 1177110053 3336287869 750203093 379471430 1081959376 2551906969 3919746168 2906049511 2424029671 34133195 1704520706 727963328 1918858507 1482708438 3271307932 491757442 1532664074 3403385043 3432211852 625950158 3514260832 1540489735 1756345513 444030367 2264208688 562321248 1864310761 2172830908 3152214174 771143953 820779239 4051696247 2621661716 3275623723 263490504 696413369 3054670573 895431736 1509900399 1908273783 2160344613 1539793428 3999599356 2221072298 951788235 3999827643 991874305 3345098115 3678711835 3975025123 2675870019 1926672216 2707868798 1085021984 1098538708 2554428020 634834977 898875362 1980202950 1135729032 3276720604 3437886762 2899054122 2986634252 3428890771 3341460029 332842353 3405110866 827923012 2851371912 4032244938 1126445779 377191890 2957359877 674577574 193347174 4060048061 2047330685 30869065 2180245532 1775857158 3314685413 2583640261 2129465293 2159448227 354884951 1392060485 1720278219 3565651755 783598321 3838244032 2297324494 781585113 274551869 184161181 2348537877 691838683 1432225265 2184631855 2284287727 3752173328 3267077355 1417064453 3685869031 960524041 3011876210 1128757176 3662212514 3001241608 1754968502 1265625693 1544199403 3487956010 1008686806 3329218755 2357478378 4235915726 2086821905 222546634 4138675131 1108762626 2832755850 929729494 956036962 2797621943 4154543435 157194973 1885929574 432355909 858508725 3320010285 3855667489 339573875 2737277897 2862430234 3562175073 2217829724 2044490630 2361712125 75259569 3758020623 2106396840 4294709382 2786866531 1902744044 4062222739 361362447 3231434544 1134540888 2115631250 624455257 4021851197 3900078282 1524488424 4164142208 1616409324 2624634958 473664666 223184579 2191031047 986322340 3019386111 4097734969 3268510357 2887407132 3306755481 1993238234 1240681267 1469698492 1487331124 1315775195 2212733761 393253769 1382229814 3686647122 805476631 1311255778 1017836446 3915773573 727106690 3755526858 2237114612 2296032821 3262247749 4035603357 3765155076 994048454 3490731908 1169515536 3113087125 1072541180 2430211379 4204213075 951197763 2958743426 1320900409 1563003609 1396553434 3719356289 1347080352 629361317 1054877051 4024079758 724961873 2338087522 3505058108 1847474923 976052781 835455378 2294793706 2632131784 2394579804 2031756457 772500337 1087082736 654217929 1659938831 3740893896 3248382130 2794156722 3517358695 2466885081 1785918340 2669217864 1676606777 389782663 3360683650 617756568 1778853324 540399203 2744278484 1383586433 3998113203 1381350201 3495059662 2175161711 4040961101 334725484 1099276766 894688800 3787278253 1503911356 2095410361 1657207012 3136703 457608189 195395475 1192742927 2959282682 4022160517 1208765653 607982819 1377203173 4115576305 933040315 597355708 2676502326 3304799585 389124641 3712205739 758139622 397407594 120752140 2483135286 1677714380 2593921171 3075558768 3774056911 507235867 2583360207 3758375531 2953411232 165227425 3215654284 1841118212 3115745032 2061514530 489710954 44783154 3327378716 875802910 3907162340 3425184533 902542094 3387671775 2509078289 1843227747 2301483005 3822984868 1127612165 3053472852 2249344468 3283417890 876559489 2782996459 3033223825 624614100 2992680022 791634030 1795497237 2549603034 3417565488 2391286938 2547378359 1307748609 4283594880 1294874310 1223442896 1969306536 1325017672 2486845630 1406059004 490001276 3408808745 1418323129 505702512 3964959530 4226301097 1745476431 401796850 3549036919 3071076638 804026110 2610800493 1704740373 2048508725 129769700 3114973625 3232190109 485549444 3772655893 2521991044 408168296 954378027 4188915083
182 360
30 260
357 498
242 425
159 421
82 255
183 205
37 496
136 205
206 344
226 252
221 260
91 112
87 498
365 407
40 168
183 487
310 375
63 240
234 243
84 286
353 404
426 479
175 313
272 379
121 339
214 392
94 441
105 165
92 357
35 111
282 285
97 237
32 84
69 257
104 106
235 463
110 391
199 420
410 458
67 283
366 429
59 189
383 428
89 272
43 45
227 365
65 125
242 296
444 478
37 160
29 500
38 381
212 377
92 391
192 474
72 186
177 295
145 209
321 425
73 375
87 374
104 407
359 428
243 383
132 268
195 309
359 461
4 247
200 276
379 467
218 360
29 205
41 192
317 458
36 174
213 471
244 343
274 276
116 237
98 314
15 344
78 499
155 487
208 337
419 455
250 461
326 499
102 127
409 466
50 251
46 468
89 435
47 274
422 499
149 328
399 473
152 274
335 381
357 359
4 206
37 494
359 379
119 474
58 170
30 128
228 342
21 119
102 246
244 352
285 415
125 372
86 292
153 184
187 364
156 242
370 398
285 403
289 492
72 163
42 318
148 391
357 395
86 496
18 430
166 466
254 288
233 315
57 172
141 266
87 89
385 484
160 233
358 390
348 485
186 229
361 495
444 446
90 398
112 154
83 341
30 286
39 200
134 432
25 115
1 47
69 117
350 426
181 209
86 116
179 359
139 203
125 126
237 490
136 140
48 425
161 180
304 361
371 409
68 251
70 232
154 359
264 309
76 342
104 117
9 278
84 300
266 405
384 395
342 393
81 474
290 346
28 239
150 199
330 484
76 295
72 393
276 449
298 489
183 451
259 496
305 394
243 253
45 392
244 274
133 438
138 452
340 373
167 174
320 325
34 212
29 194
10 442
29 322
11 405
285 426
114 132
80 309
36 289
323 482
283 473
67 81
131 217
261 467
180 479
234 368
268 410
323 442
95 334
128 398
8 197
56 215
40 399
138 437
318 376
14 339
19 403
113 451
21 296
155 447
21 67
112 269
67 249
246 428
389 441
372 448
180 319
55 63
385 404
59 113
245 487
448 472
118 437
321 433
19 97
31 450
328 418
89 452
157 251
129 195
72 444
452 462
65 144
214 332
21 140
88 113
323 483
185 299
386 477
113 289
39 333
181 450
60 98
196 487
133 342
179 194
33 455
25 206
404 482
198 225
116 238
37 222
126 226
448 479
131 319
273 330
15 351
6 27
154 307
298 385
136 379
381 492
48 302
272 430
314 396
120 399
69 258
272 346
84 381
182 326
171 415
340 360
323 346
374 429
154 474
433 485
480 486
148 445
52 143
119 450
438 496
151 491
166 297
164 429
218 350
331 458
340 424
478 490
247 300
429 499
16 184
20 63
84 412
75 132
398 412
310 320
253 273
390 466
194 438
291 386
42 160
422 483
284 362
208 466
297 309
332 378
152 176
260 462
109 313
70 275
63 428
450 476
203 368
173 347
434 451
1 70
264 481
153 496
294 340
134 219
397 425
305 415
398 456
189 336
235 375
93 219
460 474
180 197
21 436
321 490
358 468
106 126
35 111
70 244
51 316
195 413
304 317
149 383
29 137
212 495
193 299
83 133
245 253
200 453
122 205
87 233
94 296
94 399
35 108
184 492
13 107
53 423
292 297
212 337
346 419
1 478
66 254
288 464
275 369
174 433
238 280
35 143
76 130
124 143
114 337
15 495
19 369
73 403
160 432
237 319
9 266
324 436
37 473
255 459
281 305
89 249
202 264
18 470
222 423
178 199
148 317
151 312
66 184
225 355
244 388
318 328
288 354
117 407
320 367
344 443
469 497
258 304
439 457
301 313
268 340
364 497
55 194
66 462
296 354
243 478
51 285
19 260
255 486
68 156
8 189
176 358
289 460
36 190
92 487
467 474
157 235
169 463
440 441
116 225
9 149
169 196
62 83
339 447
22 295
136 373
108 445
245 302
143 341
37 345
183 242
300 390
252 498
419 439
260 329
2 362
358 443
153 450
28 65
69 107
9 166
59 499
8 251
315 470
307 473
285 374
276 481
368 484
116 197
160 356
283 308
197 258
277 383
387 408
165 469
113 162
265 432
59 297
90 315
74 361
128 391
190 279
391 475
203 459
339 400
73 338
232 477
204 367
76 145
80 436
246 271
29 398
43 312
44 187
92 478
283 350
183 466
50 400
50 413
102 202
81 116
162 374
185 255
9 270
60 402
184 431
151 450
81 332
293 483
54 442
25 61
271 445
194 488
205 443
213 448
295 400
